0.043296412144026325
0.06939648266277208
0.11478301986750676
0.16299870590082408
0.19012965155454703
0.22171196715922506
0.2516965112572567
0.26998428529673085
0.295466929377289
0.2959046006062625
0.3401535317736429
0.36009934244641856
0.4223351491622312
0.4569808823701701
0.46969612630510443
0.4667898230587281
0.48862038769621857
0.474069626528464
0.47491706805694284
0.4673740243591046
0.47679425833380856
0.4690201883498832
0.4827888222602599
0.4707476347614579
0.4626444849604179
0.4846401362969024
0.4717443987612555
0.4791994955799043
0.4763295104475601
0.48322428100353554
0.4785971203185004
0.48587845235506705
0.4940651960577236
0.5035620374115553
0.48854677731297624
0.48175347556085146
0.4986908041082499
0.49722609323514355
0.505066440652338
0.5020556884669268
0.510022914378259
0.507914534689518
0.5001146075901495
0.4900592699091156
0.4977089215365994
0.49951029439131367
0.4994735450376186
0.5223429807787915
0.5005605189939589
0.5096042308231533
0.5037641528546086
0.5047820716516965
0.500891859497453
0.5087459772656429
0.5041576107472391
0.50137050754288
0.49907770441670535
0.5024980110583477
