0.21209336512137045
0.3212252683695489
0.30508688478893087
0.3402643792741227
0.44728033635292624
0.4744721650918557
0.5029378157861849
0.5217032499495204
0.5493855739598046
0.583338539528408
0.6422660494084388
0.6936828603495271
0.6555140557458037
0.716180206977753
0.7264892926670993
0.6815865742487619
0.7051046677552701
0.7024360721061229
0.6734554255165439
0.7084100642038639
0.6947283739131007
0.7605068058833345
0.6885964485131801
0.7323386434899724
0.674668110106124
0.7158389425218838
0.7092761864805157
0.7147684464508095
0.7611575769526022
0.7253352639018168
0.7188533753981867
0.7254007888662628
0.7323862633300784
0.7564835962888252
0.6957829444456007
0.7487132617223602
0.7247609540189794
0.7530637882546733
0.7822649038054696
0.7288108514152882
0.7222632421035766
0.6949677947160062
0.752820426836571
0.6771385453474676
0.7349439764652927
0.6889113600738062
0.7389004831531667
0.7619666277398491
0.7321750276138665
0.7381620115995116
0.6917651726264167
0.726446442999561
0.7296520149536404
0.7159510166759911
0.7170654037723524
0.7089301713535197
0.7035660094596639
0.6956154329035684
