571.12109375
595.921875
635.26171875
657.19921875
601.73046875
582.45703125
676.33984375
741.046875
751.671875
721.0703125
668.91015625
669.890625
644.6328125
632.203125
610.00390625
599.67578125
602.0546875
588.02734375
591.72265625
601.20703125
601.8046875
581.78515625
582.49609375
593.16796875
587.27734375
590.515625
567.81640625
568.1953125
553.19140625
533.15234375
531.47265625
515.13671875
509.68359375
506.19921875
510.49609375
506.61328125
505.7734375
504.49609375
528.015625
493.7265625
477.703125
467.15234375
468.88671875
463.98046875
470.25390625
470.8359375
463.0390625
463.59765625
444.71875
453.15625
455.9375
457.22265625
464.3125
461.13671875
444.2578125
431.59765625
439.17578125
447.875
